# Created by Octave 5.1.0, Mon Nov 18 11:53:27 2019 -05 <jesusvega@MacBook-Pro-de-Jesus.local>
# name: theta
# type: matrix
# rows: 2
# columns: 1
 0
 1


