# Created by Octave 5.1.0, Mon Nov 18 11:45:48 2019 -05 <jesusvega@MacBook-Pro-de-Jesus.local>
# name: X
# type: matrix
# rows: 3
# columns: 2
 1 1
 1 2
 1 3


