# Created by Octave 5.1.0, Mon Nov 18 11:52:45 2019 -05 <jesusvega@MacBook-Pro-de-Jesus.local>
# name: y
# type: matrix
# rows: 3
# columns: 1
 1
 2
 3


